9 20
205 207
20 72
5 44
192 198
15 22
175 198
9 46
42 44
358 379
51 76
12 20
200 188
103 96
13 7
109 74
129 135
123 157
20 4
2 1
123 84
10 28
106 93
90 111
16 58
51 4
18 18
87 58
190 191
8 13
12 8
17 12
9 11
10120 2147483647
101 64
126 135
346 397
129 119
374 384
16 28
302 263
362 420
56 64
22 18
266 341
211 226
26 44
129 171
48 39
46 48
6 39
4 22
21 16
103 140
138 124
289 263
20 103
358 329
12 7
218 201
3089 2147483647
5 12
12 3
31 22
72 44
218 213
4 22
40 48
272 226
200 204
5 4
13 1
25 1
6 14
22 39
110 93
14 24
8 24
4 28
81 72
5228 2147483647
7 20
2 22
144 177
68 55
3 26
312 325
55 79
52 67
2 5
4 13
2 9
8270 2147483647
102 106
46 86
122 127
30 24
113 111
14 20
197 168
212 226
66 62
202 207
16 5
44 28
104 76
305 287
10393 2147483647
2 42
48 64
5 32
13 12
31 37
6 28
32 18
86 58
128 116
54 42
356 337
23 24
2 9
20095 2147483647
38 98
13 31
39 44
20 7
21 12
5 13
11 11
83 84
33 2
7810 2147483647
3 26
64 58
212 188
4 6
11 4
212 201
209 232
12 35
6 76
392 379
156 132
7 22
57714 2147483647
177 213
9 2
143 145
7 47
9 18
5 41
19 3
32 20
14 13
3 18
12 42
52296 2147483647
50 5
2 26
18 0
39 3
84 111
10 16
203 245
18 18
2 7
7 8
57 81
55453 2147483647
462 538
39 31
2 5
11 26
45 79
421 416
9040 2147483647
4 7
8 0
93 93
4370 2147483647
2 55
5 7
47 39
31 48
52238 2147483647
12 5
70 28
15 8
15520 2147483647
4 7
5 7
19 16
5 22
141 165
6 24
4 37
45126 2147483647
16 53
18 53
2 20
84 67
36234 2147483647
207 180
30 48
26 46
375 325
36 42
2 22
10 39
30 31
117 137
6 28
8 22
5 22
96 96
181 174
177 129
23 69
48 48
7 16
155 145
14 1
10 44
199 151
242 259
14 6
8 6
48 53
176 159
10 6
5 5
16 10
110 103
20 44
15 7
18 39
193 185
2 1
20 26
69 108
153 171
335 310
23 20
210 236
11 5
75 64
25189 2147483647
103 93
242 242
133 127
5 35
2 22
4 20
465 440
303 321
50 18
11114 2147483647
12 0
364 358
20 18
12 28
131 137
7 14
32 33
313 284
76 46
288 345
4 8
9 5
22182 2147483647
8 24
69 91
9 5
463 481
22 16
32 5
16 24
40 37
227 229
17 39
174 201
352 375
13 12
2 16
28522 2147483647
9 46
275 256
13 16
20 39
5 18
244 270
7 54
22224 2147483647
4 39
89 103
6 31
50 11
10 48
93 91
98 96
2 48
2 6
8 44
31002 2147483647
4 34
7 1
15 1
2 22
53 51
66 93
82 76
48 74
8 31
472 440
12101 2147483647
16 51
36 28
23 24
107 58
69 74
26 6
4 0
364 379
24 33
490 509
117 114
13 33
83 88
10601 2147483647
9 33
140 127
30 20
124 119
2 1
6 31
66 84
25 11
7 16
10 14
20 7
8822 2147483647
2 10
2 47
202 242
3 41
4 13
52 48
11 22
2 24
175 143
45 79
21 22
38 12
24 7
24 62
2 34
5 20
29 58
165 140
237 201
9 26
41 58
29 31
17 20
11 2
107 143
7 26
70 69
8 28
6 2
10 8
112 143
228 299
8 37
15 20
50 53
2 4
115 119
28 26
5 16
2 8
2 0
8 33
7 38
127 188
6 53
464 520
65 22
12 5
41 84
14 44
6 7
16 14
4 22
285 270
461 471
46 58
20 26
2 11
4 35
39 39
97 103
9 33
13 18
28 16
22 2
2 51
270 277
131 135
37 13
9 18
11 1
20 7
2 1
20 26
45 42
2 6
11 33
22 74
180 171
4 13
57 55
144 171
151 148
39 64
240 249
32 24
8 42
2 8
20 7
327 350
48 55
10 12
14 9
104 154
25 31
212 219
15 28
124 148
390 435
6 10
354 366
35 7
132 124
18 9
62 91
8 16
4 0
16 4
2 1
134 180
105 121
34 76
10 9
35 2
67 48
32 62
4 3
4 16
20 26
195 207
2 42
413 362
4 10
12 32
20 13
20 13
8 1
8 24
4 24
82 51
147 154
2 26
24 20
145 127
101 84
12 42
4 10
13 11
31 14
8 5
9 67
13 31
8 46
100 101
176 140
27 4
174 171
4 11
6 16
59 88
14 24
123 127
9 0
17 18
96 96
11 10
21 22
12 36
22 2
488 481
55 79
3 35
14 26
193 245
67 48
10 33
26 48
148 124
23 46
126 86
24 72
407 425
4 9
73 39
20 53
268 263
42 35
111 129
19 6
8 16
30 35
22 33
70 42
2 11
20 11
18 72
22 28
54 55
390 430
2 28
9 35
2 6
8 26
4 10
18 24
73 51
6 1
20 0
2 16
6 11
130 159
9 18
2 46
19 37
12 40
337 329
13 0
78 62
14 26
37 46
2 20
4 24
36 24
82 74
10 7
56 72
6 24
17 0
13 26
15 3
13 48
5 3
20 5
92 93
4 0
16 16
169 162
36 37
14 13
4 11
7 44
55 96
14 64
3 0
154 129
10 11
232 242
6 35
157 183
79 108
6 3
2 9
2 42
223 210
3 4
20 33
21 18
5 3
332 345
8 20
14 2
15 14
164 177
54 81
303 318
12 48
17 37
283 259
20 14
2 13
7 1
20 31
4 24
81 76
4 38
144 127
6 2
4 20
4 11
115 171
22 18
30 12
21 33
197 159
3 0
16 18
37 7
8 28
122 127
2 3
5 18
172 121
108 145
24 13
3 39
419 402
10 30
256 302
2 31
45 51
4 6
2 10
4 22
112 135
4 0
14 24
256 232
87 108
10 22
5 14
4 4
110 116
255 183
116 106
432 487
33 8
4 6
2 51
20 67
45 26
22 1
4 28
8 24
27 33
10 44
177 135
15 8
34 35
376 397
6 12
20 26
8 22
23 9
179 162
25 44
215 213
9 33
68 88
12 4
27 7
12 9
4 46
30 62
49 74
11 3
4 22
20 35
48 58
8 9
23 28
23 39
6 6
43 39
4 10
261 295
45 11
227 259
28 42
15 8
2 3
120 119
39 91
6 22
2 10
150 121
29 79
6 3
107 88
8 16
17 1
25 37
2 3
4 9
16 84
257 223
21 18
11 32
175 157
108 108
286 266
2 20
2 5
14 62
2 55
12 42
20 51
108 111
24 33
4 24
12 13
32 42
151 135
61 35
19 72
23 9
42 58
2 1
348 388
2 0
17 7
105 116
17 18
197 191
7 7
18 39
66 88
45 24
9 39
19 35
4 16
90 106
22 58
16 14
4 24
12 11
11 24
11 8
23 16
2 4
218 207
5 7
11 2
25 13
5 43
13 9
160 137
20 9
111 127
20 53
16 11
6 51
5 28
4 24
9 0
2 51
12 5
18 24
8 39
20 24
24 7
4 5
2 38
445 520
33 2
17 7
8 6
7 64
204 191
20 6
116 114
262 259
323 388
27 18
5 35
4 0
39 16
17 64
2 1
9 44
10 14
132 106
128 201
2 16
9 20
238 213
6 39
8 8
129 143
222 198
12 18
8 11
5 2
21 20
123 108
10 20
128 135
228 188
27 7
7 5
8 6
7 0
4 4
113 119
2 43
61 84
17 13
2 42
8 20
8 13
4 32
14 1
134 121
16 0
41 53
6 5
6 20
139 154
10 5
6 9
7 20
33 9
2 20
70 76
253 239
9 13
224 245
4 6
108 72
148 121
441 440
6 44
67 98
104 98
253 216
3 24
57 74
9 16
10 39
14 0
70 53
371 366
27 48
24 28
13 1
10 4
5 22
42 84
14 24
2 4
33 35
12 7
10 33
6 5
20 33
2 44
48 3
11 16
32 5
5 4
8 5
14 4
88 58
26 2
7 13
3 34
22 46
292 252
33 22
2 16
310 219
4 35
17 1
16 33
27 16
177 177
36 62
129 93
14 40
54 48
13 18
15 7
63 72
2 10
4 28
3 22
69 55
27 22
2 0
452 337
12 24
6 16
20 3
319 270
10 8
4 31
9 7
237 210
2 35
219 299
6 12
314 350
32 12
6 22
9 34
45 55
27 22
8 37
283 291
12 0
165 140
352 384
138 74
44 1
20 20
2 35
2 20
11 9
133 98
12 4
26 53
15 28
294 273
61 81
16 13
3 3
57 106
18 3
205 219
4 38
2 44
202 191
18 5
15 2
8 24
24 7
14 18
8 37
402 430
15 33
14 2
126 91
75 60
14 32
20 7
14 31
13 11
71 20
2 14
16 24
4 24
18 11
37 62
5 13
11 0
18 20
16 33
17 0
20 13
20 3
2 5
5 47
67 84
35 31
11 11
27 18
5 0
2 18
16 5
7 16
78 116
6 7
9 5
17 0
78 67
81 53
20 35
37 67
14 18
10 33
292 366
17 34
16 98
40 3
8 53
10 2
45 76
24 5
41 2
15 5
11 46
4 55
4 10
2 0
8 11
4 44
7 20
12 22
38 31
13 24
11 9
6 5
8 16
13 22
186 157
12 33
2 1
234 177
27 39
6 28
4 22
10 7
88 62
11 53
118 148
36 31
28 28
80 101
6 6
4 6
4 35
21 11
23 28
10 16
4 16
457 515
17 3
259 295
24 26
3 24
358 402
8 33
4 37
13 3
5 26
43 44
20 20
26 24
20 53
2 13
4 16
8 13
499 550
18 6
7 28
10 1
34 1
20 22
27 3
13 62
3 1
114 137
29 53
2 30
2 16
7 20
60 62
189 157
16 53
13 18
70 22
336 280
2 7
238 232
36 30
8 46
2 1
13 44
50 106
9 46
10 10
135 151
5 5
110 127
6 6
20 9
20 3
126 114
9 28
365 299
5 8
31 35
400 445
259 245
146 201
4 22
180 157
59 46
283 256
35 13
4 9
39 76
135 183
10 2
16 13
12 13
96 60
4 22
6 36
29 53
10 0
9 14
2 2
15 5
10 30
30 16
122 154
19 11
20 22
6 4
3 9
2 24
6 16
5 28
20 9
16 58
7 35
98 79
4 7
58 31
16 22
110 127
370 329
19 33
14 18
21 28
192 177
19 53
8 5
4 6
356 354
9 3
163 168
2 26
3 12
354 350
8 13
7 16
52 37
275 287
7 42
7 16
13 43
31 46
32 22
16 18
121 108
21 24
290 314
136 180
7 11
26 46
8 72
59 96
123 106
4 20
6 20
27 6
10 58
16 24
9 3
8 5
25 44
10 18
117 114
417 406
16 26
12 37
3 18
2 10
164 177
68 91
100 108
2 32
316 310
6 28
12 0
23 4
9 4
119 98
8 1
38 9
5 31
13 22
10 16
8 9
140 114
3 20
12 18
16 35
13 28
60 64
14 10
4 13
5 30
45 28
2 9
14 1
3 22
49 33
4 12
306 236
142 116
20 20
5 28
106 84
8 8
21 84
15 12
10 5
3 24
21 8
22 13
7 35
20 13
24 35
351 416
141 204
4 22
297 256
6 4
450 532
14 18
9 1
2 22
132 148
10 8
2 20
37 31
3 22
350 384
299 277
2 9
12 2
41 98
116 127
24 35
106 111
14 4
7 10
4 16
2 12
422 498
10 14
83 159
2 9
164 168
2 11
16 44
2 42
4 16
16 24
4 22
2 3
41 11
24 7
4 4
6 28
6 0
212 198
9 14
66 106
9 31
5 5
422 430
27 48
9 18
44 11
110 119
24 11
174 145
6 2
20 11
6 11
438 481
60 108
3 5
2 6
387 321
111 96
28 16
4 7
89 72
8 13
5 1
282 245
9 2
77 46
9 31
9 28
7 37
7 26
12 3
104 151
126 96
37 72
12 31
3 11
9 24
13 22
11 20
3 1
177 168
4 24
4 1
13 33
15 11
162 183
4 16
36 44
36 46
254 259
348 393
3 24
19 28
39 20
320 388
228 219
85 132
57 55
10 10
16 20
12 6
3 28
402 420
8 28
8 39
20 8
13 37
301 314
219 216
199 270
283 280
4 22
27 28
17 22
67 98
6 7
2 16
7 0
10 9
123 93
18 16
8 22
147 194
4 22
9 33
2 40
66 48
10 37
48 74
5 26
8 4
11 34
116 111
26 48
5 37
3 8
6 2
4 13
2 43
7 3
96 86
466 481
12 30
5 51
16 20
43 33
164 171
13 16
2 3
64 58
24 20
22 22
5 2
376 416
438 487
18 39
20 1
5 31
213 280
363 388
41 22
7 11
20 24
207 210
5 18
20 1
20 22
2 9
13 33
2 22
53 81
7 7
10 11
198 159
77 111
19 33
29 48
316 287
205 185
14 41
5 28
20 13
7 11
7 24
51 31
9 3
92 76
107 91
114 103
300 306
10 26
6 10
4 24
44 26
5 22
6 18
7 1
2 5
14 4
66 55
4 22
4 9
116 69
3 3
145 229
227 249
11 36
12 13
174 213
4 6
128 135
28 67
22 0
77 79
2 3
20 20
127 96
12 42
286 249
157 198
11 16
10 28
121 132
9 8
5 60
5 3
15 11
116 101
7 28
463 487
407 425
7 31
33 48
3 53
14 7
4 34
28 11
2 3
11 5
9 26
2 28
2 11
8 1
88 111
10 20
132 132
139 111
9 11
16 24
28 35
20 10
29 3
4 24
16 11
10 4
145 121
13 1
5 16
20 7
94 143
370 266
24 31
194 171
298 329
50 93
21 35
8 9
39 37
16 20
14 13
22 9
2 22
6 44
310 256
6 24
2 60
343 314
104 121
2 49
6 10
42 2
2 18
18 7
23 60
2 20
10 18
11 48
5 13
7 0
7 24
93 106
265 229
28 60
18 62
6 8
7 1
266 287
8 3
2 26
43 7
22 44
124 108
4 11
4 14
27 24
13 13
4 18
250 204
7 18
6 60
2 0
217 210
2 4
20 22
78 64
494 460
136 143
12 5
44 9
48 67
20 7
14 48
32 31
39 42
269 229
3 24
203 232
11 11
16 14
2 40
211 236
318 263
9 9
3 8
2 7
4 14
3 3
4 3
9 33
20 24
6 9
278 263
6 9
149 108
25 9
10 39
147 159
8 22
47 67
16 1
27 9
20 20
15 1
10 53
4 36
2 42
129 132
5 13
7 5
9 37
8 9
4 2
4 5
72 84
7 7
5 28
80 119
25 18
93 124
6 18
4 37
238 284
5 0
17 4
2 49
11 13
5 11
35 86
5 44
70 116
2 11
4 11
11 22
44 22
497 520
2 18
9 13
2 18
2 13
159 165
2 1
408 416
248 252
4 12
87 91
14 33
16 16
7 24
8 8
2 5
9 53
418 440
12 62
5 28
180 188
15 22
4 20
20 62
9 42
2 2
24 46
5 1
5 32
20 12
3 16
13 8
11 16
43 37
10 3
122 106
2 12
2 33
43 28
7 7
12 6
3 22
116 135
6 6
19 46
6 48
8 3
5 16
4 40
15 3
26 46
21 108
9 2
10 37
10 44
27 44
12 37
118 88
4 24
2 1
10 33
9 8
24 20
2 7
20 26
170 191
2 20
26 22
7 33
128 121
179 171
2 4
119 162
20 48
20 11
10 7
15 16
20 1
13 33
172 140
2 35
8 5
4 18
11 26
5 2
369 325
12 2
14 8
20 9
8 3
4 20
372 406
4 1
18 20
45 44
2 9
6 7
28 44
4 32
4 13
11 11
5 39
17 24
11 18
16 58
12 42
7 9
4 5
204 207
22 22
8 26
6 0
5 6
50 39
10 24
3 16
8 4
8 7
8 42
16 18
11 7
110 103
18 4
12 16
66 62
104 103
16 18
131 119
4 20
94 101
2 28
5 28
261 277
10 18
14 31
224 207
3 28
5 24
7 3
13 2
4 24
4 35
48 13
9 10
14 28
16 69
8 24
183 185
4 5
4 24
26 39
163 174
27 16
3 22
33 42
7 12
20 8
3 26
5 43
5 4
5 42
9 74
2 13
10 20
168 157
441 379
6 6
251 236
292 411
5 32
6 26
2 35
20 6
5 22
291 321
167 185
20 51
475 498
7 7
13 37
8 32
3 32
123 96
12 8
4 3
10 33
13 12
134 137
4 3
3 12
17 46
4 7
38 31
17 46
2 16
140 137
2 13
18 20
4 8
6 22
2 0
4 4
10 4
450 476
21 26
4 1
15 60
5 18
11 10
189 188
4 2
9 20
215 162
20 20
2 11
54 26
72 55
84 76
6 20
270 242
24 3
6 0
20 5
7 20
10 28
62 74
2 28
6 16
171 174
2 7
309 318
20 24
9 37
4 4
108 93
2 45
4 9
12 9
20 37
4 4
4 18
4 24
4 24
8 20
2 2
4 18
196 239
12 39
9 12
16 11
35 51
4 1
9 24
20 26
9 39
3 13
4 14
10 0
8 34
144 183
5 2
19 2
124 127
9 12
20 33
10 22
4 12
2 1
356 406
5 5
8 62
39 55
6 12
11 1
117 127
90 86
13 60
19 28
2 3
16 0
18 8
2 33
22 18
100 79
9 33
99 62
359 388
4 32
20 26
8 12
12 0
3 14
6 5
15 4
13 20
56 62
2 10
57 48
7 7
2 26
3 28
352 350
2 60
48 81
2 7
2 7
34 5
97 129
2 0
35 11
6 33
4 11
4 4
6 33
125 129
110 86
10 18
53 76
2 4
12 5
326 280
171 132
206 204
8 26
2 18
219 210
7 13
10 2
329 314
20 39
2 9
5 32
18 16
223 194
6 2
4 34
4 62
4 7
4 33
13 13
5 16
123 132
12 28
189 210
9 13
6 8
8 18
20 18
2 5
4 10
6 6
214 252
7 18
170 185
8 3
6 12
8 34
140 171
10 28
2 37
126 121
10 16
11 39
194 223
2 9
140 154
385 358
10 12
8 10
9 6
142 129
246 239
10 13
20 35
10 37
338 333
241 236
172 159
14 2
12 18
20 31
282 299
7 9
7 13
215 223
104 72
8 20
8 13
266 242
3 31
2 3
2 7
110 116
12 24
30 7
6 3
110 119
3 10
2 5
8 7
9 18
2 24
4 12
4 18
2 13
363 420
20 46
260 165
438 440
20 26
2 1
334 350
82 103
23 72
181 188
6 1
20 2
4 32
2 18
216 249
2 0
126 140
9 44
5 14
21 48
26 26
10 14
2 8
86 101
30 72
20 4
18 9
460 509
9 37
2 22
4 22
108 151
2 10
8 10
42 53
7 42
10 12
27 48
32 0
4 5
56 13
80 84
10 58
12 3
27 44
8 44
49 46
9 33
6 3
9 6
122 72
7 22
280 284
6 7
17 22
2 7
263 280
16 7
293 341
80 124
148 185
4 55
6 22
14 16
17 53
6 30
14 26
16 0
10 26
7 39
104 76
4 8
9 13
7 4
12 3
4 28
32 35
5 32
63 26
4 14
14 53
320 354
15 24
4 26
16 13
2 8
468 481
4 16
2 20
136 103
41 42
41 26
14 31
490 450
124 84
7 24
43 67
8 5
50 84
14 28
17 12
55 31
212 162
9 4
5 28
2 1
10 20
20 31
139 185
12 44
15 33
4 11
58 53
20 24
6 11
2 11
4 9
12 24
11 10
160 168
3 2
12 48
12 18
27 44
124 98
2 11
3 40
2 6
2 20
109 106
2 6
4 4
12 18
6 0
4 11
2 42
196 171
16 51
2 20
17 18
9 16
3 12
21 37
3 10
146 119
2 7
302 337
17 4
367 430
14 7
2 13
7 22
6 33
384 430
8 18
6 2
92 69
6 10
37 35
33 31
2 18
200 174
4 20
204 207
2 5
15 13
8 31
20 14
4 5
23 48
316 291
15 24
6 18
8 11
62 74
4 12
105 79
24 3
4 33
10 45
6 34
16 67
20 0
9 24
6 18
179 174
4 6
4 26
3 33
116 79
9 22
339 341
40 58
2 26
214 263
24 98
7 18
72 72
224 210
149 145
112 111
12 22
2 12
94 135
38 46
18 10
8 26
6 3
2 20
5 0
469 492
4 10
2 22
8 5
7 37
366 333
20 10
47 11
297 295
4 1
130 162
6 34
3 18
18 2
21 46
84 81
2 2
12 24
18 48
8 34
20 37
229 249
376 318
495 556
117 165
137 103
6 46
4 13
348 333
42 42
73 101
24 2
93 96
166 132
16 11
8 16
4 39
3 9
58 62
12 16
7 6
8 45
4 30
416 411
10 4
275 306
493 455
7 42
28 35
4 8
25 26
402 406
6 5
7 13
4 9
15 26
424 416
240 256
2 6
66 53
484 450
238 198
6 16
16 26
6 12
123 140
4 40
24 2
7 26
2 8
102 151
4 0
140 162
2 72
2 1
24 67
105 140
2 32
6 26
7 16
9 36
12 22
2 18
8 55
216 239
42 74
42 55
4 14
49 76
2 1
401 481
2 9
95 72
8 37
10 18
6 24
20 24
8 22
50 48
18 44
11 4
4 10
4 28
2 6
12 55
4 16
34 44
6 9
2 28
4 42
2 42
82 103
210 252
6 3
10 45
2 1
13 9
56 62
2 37
394 440
351 375
74 64
136 140
10 46
2 40
2 9
46 51
6 10
6 2
74 81
4 12
2 14
9 37
32 46
44 24
3 16
6 3
28 7
2 22
6 1
4 16
4 1
177 185
4 24
8 12
124 124
69 124
15 44
2 24
4 1
8 30
5 7
10 20
2 55
35 48
23 28
8 35
6 33
7 44
228 204
3 33
10 6
155 140
4 6
9 6
6 16
15 3
8 24
44 16
11 37
9 10
130 129
148 135
7 33
2 22
20 0
4 44
3 32
218 245
46 53
107 148
8 11
6 20
186 188
21 26
2 20
2 4
3 8
154 162
193 273
2 28
5 31
340 270
344 379
2 10
16 26
88 46
176 219
2 6
126 137
55 22
8 28
286 314
204 207
22 11
101 79
5 18
7 8
10 11
216 194
7 35
15 9
20 35
400 411
15 16
128 171
10 44
189 219
23 37
2 18
6 20
2 6
8 9
3 11
100 86
389 402
2 13
5 32
364 371
4 26
18 6
20 7
14 22
5 16
2 9
20 24
42 60
2 12
103 108
20 7
262 287
8 5
2 18
4 32
7 22
9 53
10 28
7 1
7 3
4 9
8 62
5 5
4 4
2 60
8 3
48 46
3 16
24 22
20 16
2 11
6 35
4 24
8 12
107 93
10 28
52 62
2 1
10 46
271 242
125 116
13 24
28 88
73 86
14 16
20 37
12 28
15 22
8 4
170 171
6 37
9 8
9 1
127 121
106 121
6 22
116 145
190 168
4 42
8 4
374 375
2 10
2 18
4 3
18 18
15 7
5 35
10 31
9 60
36 0
14 5
54 33
2 18
2 24
19 58
9 12
2 18
55 58
5 2
20 4
10 10
132 108
7 5
468 538
180 194
4 26
32 22
4 10
20 9
24 32
2 10
5 2
66 35
2 10
10 20
215 204
2 13
4 0
20 26
12 8
25 51
2 28
42 79
5 7
12 9
50 16
3 20
2 24
27 38
3 16
2 20
2 28
36 64
2 30
4 10
5 12
4 4
8 3
12 20
9 51
6 31
146 198
484 589
6 44
2 0
292 329
4 8
2 39
3 2
3 5
11 10
54 55
60 72
20 33
2 5
11 7
12 16
34 58
153 111
60 114
12 39
4 18
20 9
4 4
102 148
4 22
237 219
4 18
9 16
140 168
36 0
2 44
10 11
20 55
20 8
184 145
2 14
106 93
47 62
2 64
3 1
124 143
2 22
6 3
136 165
484 503
90 93
8 11
8 18
4 20
4 11
153 111
284 318
277 306
112 76
10 11
46 35
11 20
36 42
7 14
106 106
2 4
355 375
9 42
420 435
9 16
176 151
48 88
10 2
7 1
25 6
22 79
128 119
12 11
197 180
4 39
3 13
4 10
4 31
7 31
8 24
36 55
9 20
3 16
6 20
20 48
2 30
6 20
2 16
8 0
121 154
2 7
13 26
8 12
9 48
13 26
5 8
389 455
27 18
4 2
6 18
20 34
491 526
2 39
4 9
2 35
8 26
183 188
13 18
14 26
2 4
4 20
176 171
16 13
218 223
4 2
3 31
112 111
8 9
6 2
116 111
138 148
5 51
5 4
16 53
4 0
20 74
2 13
20 5
20 48
31 31
10 48
21 8
6 13
104 106
3 18
2 18
4 31
2 10
8 0
12 37
4 51
499 492
20 9
106 165
257 213
2 0
51 42
21 6
4 48
5 2
21 10
2 24
148 151
5 13
61 135
8 20
56 69
2 4
358 354
3 31
12 24
8 18
16 22
105 98
2 5
132 174
9 13
5 13
8 5
10 28
2 26
6 31
13 28
8 9
2 2
4 9
2 4
6 6
264 263
64 58
5 3
20 16
12 16
6 30
2 5
4 13
134 151
8 16
21 44
3 24
17 10
20 5
20 16
9 55
5 26
377 371
2 9
3 18
10 26
80 116
121 86
24 39
4 35
247 245
6 20
2 24
396 402
8 44
328 337
45 1
10 20
4 22
2 18
41 86
328 314
323 318
12 5
30 46
151 177
6 11
69 84
232 236
20 22
2 16
4 35
22 31
306 345
2 0
4 6
18 46
183 124
20 60
95 91
20 24
113 98
20 35
8 8
2 0
453 465
6 6
67 76
20 8
5 13
3 32
3 18
8 4
2 1
7 7
230 201
14 6
155 204
20 7
26 64
42 35
42 28
2 16
200 232
4 0
3 5
4 3
9 32
225 194
7 13
224 223
2 35
3 33
198 245
2 3
140 127
10 11
20 48
275 325
6 6
148 157
2 22
8 16
2 7
2 36
10 18
30 1
166 165
132 159
150 157
4 16
3 18
7 28
346 310
109 88
341 325
211 204
207 216
4 8
3 10
5 16
493 544
4 20
212 252
20 10
9 18
8 11
20 26
12 16
27 39
32 28
2 16
4 0
5 48
20 22
100 119
156 191
16 20
5 3
4 26
16 24
28 5
20 14
3 18
130 91
70 74
7 13
5 12
3 58
4 5
148 132
6 9
96 64
8 9
18 26
10 26
10 13
20 28
3 22
4 41
2 5
3 22
17 28
2 5
6 31
4 26
4 3
4 28
12 5
7 10
280 256
9 31
32 26
184 207
5 30
6 2
110 188
11 39
6 1
4 0
15 2
2 28
3 31
13 16
5 28
7 43
352 393
36 33
113 98
2 0
11 16
2 16
16 11
284 280
8 12
11 12
4 55
4 26
52 111
18 5
198 236
102 119
3 44
41 24
60 72
20 16
13 4
7 0
5 28
2 16
368 366
10 26
120 121
10 35
4 26
2 24
161 177
3 20
4 36
128 106
4 35
6 32
6 1
8 20
416 515
223 210
9 26
8 34
3 46
86 79
2 8
8 18
18 42
253 242
10 5
9 51
10 3
14 12
50 24
10 8
7 32
7 24
13 2
20 8
46 31
12 11
18 9
5 22
20 18
120 103
54 58
26 7
20 46
24 55
6 18
20 20
7 20
20 42
12 33
2 6
10 44
238 229
14 2
139 108
7 11
8 5
4 30
80 114
2 22
130 132
5 7
2 8
67 58
23 11
8 7
4 46
4 12
4 38
294 354
10 16
15 7
114 121
2 26
145 145
484 420
96 127
2 6
240 236
113 116
12 24
7 16
20 18
2 1
4 41
16 0
334 314
4 20
10 5
242 207
11 2
10 18
6 58
16 20
5 58
3 6
8 42
2 14
2 28
4 11
216 185
4 6
6 20
4 24
4 11
28 31
7 8
108 129
6 53
13 14
332 325
20 11
6 5
8 10
18 72
8 22
2 37
3 0
2 5
5 24
168 137
4 0
4 37
4 3
9 16
7 16
211 245
7 26
58 26
5 12
54 58
20 7
6 34
56 24
17 18
2 10
6 22
26 22
207 194
16 11
4 24
2 43
2 9
12 11
2 39
2 24
14 7
12 14
4 2
5 39
20 3
12 11
275 277
2 12
5 24
4 10
187 188
4 3
2 37
6 18
4 12
2 30
4 4
2 14
7 35
145 154
14 33
2 24
8 6
2 79
300 263
2 37
4 4
9 5
126 91
266 256
16 1
4 11
4 4
135 119
20 42
490 532
8 4
3 13
119 79
14 7
12 6
6 2
2 4
12 41
102 96
5 13
4 16
2 11
68 51
6 22
20 32
2 64
105 81
16 20
5 9
4 7
9 18
192 242
4 48
2 1
113 98
12 1
72 72
472 465
132 177
2 37
8 18
12 4
8 55
4 16
16 22
8 24
3 10
6 30
7 7
8 28
8 12
39 33
2 10
92 81
3 3
9 12
368 430
2 16
2 14
2 0
114 132
12 3
234 273
20 8
20 44
8 31
114 60
4 8
3 4
4 18
7 0
2 6
2 16
4 4
4 13
15 24
2 26
106 101
2 16
5 3
191 188
5 39
239 273
276 350
2 31
9 7
295 362
12 39
92 135
6 3
3 26
2 7
4 24
462 430
17 18
2 5
2 10
130 111
8 42
9 4
13 3
408 445
14 31
52 69
9 6
74 79
23 51
8 37
166 159
2 24
82 88
327 345
10 5
4 16
6 43
20 14
13 33
2 24
9 9
132 177
20 60
110 116
2 35
11 22
6 8
4 28
4 4
33 4
14 20
37 48
2 37
3 28
462 375
5 11
102 114
2 22
8 10
3 1
2 1
34 4
8 22
12 22
10 37
136 171
254 229
19 48
12 31
15 28
8 35
116 93
2 31
124 91
5 2
8 18
217 210
3 46
102 74
20 16
2 11
222 210
4 6
344 350
3 4
28 9
4 16
180 180
246 259
6 20
6 0
20 7
2 2
12 26
236 259
5 16
32 13
6 26
2 9
2 16
6 20
5 46
10 64
2 0
8 62
30 26
31 16
63 22
4 3
2 9
2 22
4 30
8 6
141 185
2 0
183 177
2 22
188 204
66 103
230 194
98 140
2 32
9 39
174 188
156 88
5 18
192 168
3 26
6 3
4 16
15 20
2 35
149 183
3 3
3 37
17 62
6 35
184 185
4 34
91 121
5 24
2 13
2 7
2 2
252 219
5 9
17 3
4 5
5 28
2 26
20 48
4 7
122 114
4 16
2 35
288 284
2 34
62 35
18 8
20 34
65 51
2 22
2 16
2 2
14 3
15 46
2 24
3 22
4 6
4 46
128 140
16 10
89 96
20 5
54 103
8 22
4 4
2 39
10 2
92 96
6 2
3 16
2 38
4 8
5 5
8 20
2 5
20 16
20 18
9 22
260 198
224 273
4 7
5 1
2 13
2 16
6 24
330 310
10 2
2 16
316 388
16 1
210 165
10 22
2 2
14 33
4 18
5 37
6 9
120 111
2 22
472 476
10 44
5 31
2 26
6 26
163 165
2 5
28 69
9 24
168 127
13 35
2 16
2 9
2 22
32 28
214 302
16 14
4 18
373 333
22 26
6 6
4 9
6 20
9 35
20 12
20 35
2 20
4 0
25 13
432 455
9 7
8 10
9 20
6 20
9 6
76 81
2 31
2 44
335 358
74 103
14 26
10 62
10 55
3 1
8 28
39 24
6 18
118 165
3 71
140 119
174 216
3 2
4 35
4 13
158 140
6 22
20 16
4 8
64 48
20 7
106 111
7 55
18 20
176 174
8 1
8 12
4 60
2 34
158 183
20 18
2 26
328 318
2 62
2 0
124 140
5 5
20 18
18 13
2 24
10 22
64 28
2 2
2 5
3 28
9 46
24 5
2 38
38 26
134 93
4 60
4 11
429 402
204 210
6 37
6 4
8 12
6 33
12 18
484 476
3 37
4 28
2 7
4 5
9 11
74 88
6 34
2 13
370 341
10 2
2 6
100 106
6 3
4 20
261 226
7 6
2 13
7 1
8 11
182 198
7 0
106 93
133 114
20 42
6 45
6 10
32 35
2 1
226 226
19 44
434 416
2 10
14 26
128 111
6 20
8 33
10 37
245 232
10 28
110 86
166 157
20 31
372 345
4 24
180 180
5 0
20 1
4 18
12 60
3 0
8 24
2 22
2 7
322 333
2 13
2 4
4 26
11 11
8 8
11 58
8 14
7 22
20 18
6 3
4 5
14 13
280 263
38 35
8 2
154 145
2 33
28 18
9 16
6 42
4 8
4 14
8 35
6 47
2 7
7 0
12 20
24 18
8 3
8 35
2 64
40 62
136 108
2 31
16 22
52 58
12 39
3 6
156 145
7 24
68 129
3 24
4 40
4 22
8 2
26 33
2 7
42 101
2 4
2 13
6 46
2 48
12 14
2 22
3 16
20 5
6 0
4 22
90 84
5 11
129 171
20 42
6 10
6 2
12 13
7 16
64 55
12 0
10 22
2 35
6 6
128 174
2 18
218 259
344 362
79 111
108 116
52 26
9 35
2 16
20 7
9 2
23 24
172 194
2 1
2 16
4 7
2 51
12 36
2 9
2 26
5 11
2 7
347 345
8 1
20 10
2 35
6 31
2 39
153 151
187 145
2 32
4 16
4 9
7 5
4 10
6 12
4 47
16 20
4 9
20 28
42 60
8 9
96 101
4 18
20 53
8 35
4 26
3 2
7 1
10 28
3 7
30 16
5 14
6 1
4 16
2 6
32 18
16 9
2 11
20 51
2 6
2 14
16 26
7 16
2 16
330 329
114 140
3 1
74 37
55 35
7 44
2 4
10 26
4 4
9 16
13 3
7 24
369 350
5 20
3 5
2 8
170 121
2 18
6 32
2 34
2 26
2 11
116 101
55 67
113 86
4 2
55 53
6 48
2 22
16 0
6 16
4 9
93 108
34 16
154 174
2 7
49 46
5 22
6 34
6 11
4 7
2 33
384 345
8 60
174 168
4 0
10 13
12 4
20 42
322 245
4 13
5 14
8 22
8 42
78 86
2 16
82 145
22 22
11 1
130 101
2 0
22 35
12 13
8 18
15 28
4 0
196 143
7 0
20 35
20 24
4 3
4 0
8 22
8 18
8 20
42 86
6 20
107 121
2 26
6 24
160 157
4 18
13 12
20 13
22 24
9 11
6 10
5 20
4 3
28 48
2 16
21 44
4 22
2 8
322 270
2 5
5 8
20 22
2 39
47 60
20 28
2 20
2 31
258 232
4 22
118 88
2 16
3 22
7 16
20 51
2 20
16 18
4 12
6 58
2 22
3 5
114 98
222 245
220 213
116 88
10 5
4 22
2 12
6 22
288 266
2 18
135 157
48 58
336 314
2 20
173 165
10 20
2 28
4 24
20 5
52 76
20 24
2 31
492 556
4 16
46 69
104 86
6 0
4 6
14 26
24 69
2 35
128 116
2 10
8 6
16 33
5 44
45 7
9 24
128 137
20 0
12 6
2 0
12 26
10 24
4 35
4 6
14 20
2 53
2 3
48 6
12 28
7 46
23 20
6 51
7 9
2 26
10 18
6 6
340 314
312 291
7 2
336 306
3 1
3 43
3 16
2 40
6 16
5 14
3 18
2 9
2 16
10 26
138 148
3 31
12 7
46 67
2 39
226 219
262 295
6 10
6 22
138 154
2 22
8 3
6 5
16 2
49 72
201 207
2 26
2 20
2 32
8 2
7 7
34 3
10 10
4 49
4 8
6 9
4 24
5 34
20 1
24 33
4 20
4 20
2 51
20 72
10 6
2 18
8 48
20 26
4 12
5 12
4 20
6 2
6 55
54 72
9 39
7 16
232 229
32 33
4 0
26 53
6 12
24 37
2 43
5 18
5 5
3 22
10 51
4 4
5 46
4 26
5 2
20 7
10 8
28 48
4 35
5 22
112 143
3 11
4 1
224 263
2 1
2 18
188 198
4 5
4 18
60 51
250 249
20 42
22 31
6 39
2 16
68 28
220 198
16 16
10 9
172 145
3 30
4 18
434 487
10 28
8 37
8 28
2 0
36 2
3 38
4 24
28 69
6 3
6 40
6 4
28 53
94 106
16 11
6 10
2 5
6 20
356 362
20 31
2 46
2 20
168 174
6 8
2 53
2 20
4 20
2 1
2 22
3 24
160 171
36 35
2 3
2 4
72 81
165 135
6 5
20 24
10 44
188 201
3 30
2 18
2 6
20 13
255 266
263 245
3 7
16 2
8 3
14 22
2 0
184 177
82 72
17 14
60 53
9 22
3 18
2 16
281 284
4 9
15 22
52 67
6 20
176 177
173 188
78 91
32 69
2 4
104 55
5 16
4 7
9 0
17 28
4 3
30 2
2 13
84 69
6 5
7 11
4 28
7 33
131 106
30 39
74 28
2 26
12 53
8 14
20 24
3 24
7 24
5 10
31 60
250 287
18 46
2 2
192 180
74 119
188 121
18 34
4 40
2 6
4 14
6 9
486 471
4 3
76 81
20 24
184 188
134 177
16 2
8 18
2 2
156 116
2 24
6 9
276 329
2 10
2 3
2 6
2 24
5 18
42 3
4 14
2 6
3 7
4 3
64 60
4 64
5 9
2 22
20 0
24 46
217 239
4 31
99 67
2 10
20 67
110 132
20 6
24 58
124 132
320 371
376 329
7 2
276 291
92 93
2 11
158 168
2 0
37 67
18 74
6 0
2 12
5 26
7 6
5 20
5 5
4 7
2 22
2 24
5 24
19 76
12 34
4 22
483 481
304 280
2 24
2 5
2 48
352 366
2 11
2 4
20 22
260 299
20 39
2 5
36 20
9 5
4 4
20 5
2 26
2 0
6 32
6 58
10 1
20 28
180 210
2 0
4 14
3 16
5 45
236 219
6 13
36 22
2 16
94 108
12 4
446 487
15 37
2 22
7 16
2 20
4 6
22 26
126 121
4 22
163 143
171 207
2 22
101 124
6 7
6 22
8 6
77 74
2 8
20 1
8 20
6 5
8 22
7 0
3 16
2 10
10 14
388 455
2 24
56 26
20 8
2 2
4 6
20 53
6 24
40 31
51 62
4 37
9 20
8 16
20 58
4 16
3 35
10 3
4 8
5 12
18 48
2 12
22 35
12 39
4 9
120 108
3 3
5 14
28 28
8 48
20 20
2 28
2 8
20 55
6 34
4 20
8 32
56 33
8 0
2 4
52 44
8 2
2 0
31 16
20 28
5 11
20 4
3 13
20 33
6 16
129 132
4 12
12 16
6 5
2 0
8 28
20 16
154 168
12 7
5 6
2 5
20 20
6 5
4 28
109 121
16 7
3 6
3 6
9 22
2 20
8 7
51 58
20 48
4 18
2 45
20 11
12 5
10 30
2 2
14 4
2 20
290 252
65 67
20 33
2 9
2 48
7 18
20 13
16 0
84 111
3 0
2 9
5 18
184 148
90 86
63 67
75 111
15 37
18 46
42 3
3 46
3 11
2 5
4 7
3 48
36 3
20 20
2 3
326 310
4 10
2 6
24 11
4 7
2 26
145 119
244 210
194 213
12 16
130 119
4 16
6 22
7 28
3 35
10 3
8 22
4 7
2 22
62 58
132 114
18 5
10 58
7 26
12 51
5 3
2 26
2 14
4 20
2 16
73 55
2 9
6 1
8 22
2 51
5 1
2 16
4 20
126 140
96 101
7 18
12 16
20 26
128 165
4 5
15 37
104 148
208 236
20 33
3 2
190 198
12 39
16 1
8 13
2 31
2 22
4 24
2 41
5 2
123 140
114 140
12 12
108 114
4 2
4 31
9 14
2 20
20 42
40 72
214 232
40 10
32 11
3 36
2 12
82 44
9 22
64 81
78 55
20 32
95 98
18 2
6 37
8 12
8 6
28 13
6 16
345 350
7 14
12 11
135 119
5 22
4 3
166 116
2 28
4 44
58 88
2 0
7 28
4 12
2 28
104 111
174 154
146 157
308 325
264 229
2 5
5 33
6 16
22 24
10 58
20 11
308 295
4 44
6 14
2 32
70 53
8 4
2 11
6 16
8 18
8 11
4 28
20 53
4 6
2 28
120 46
21 30
4 24
6 42
2 0
4 0
4 10
15 0
8 7
2 39
434 416
4 5
6 34
2 18
9 24
2 18
20 14
181 188
10 5
20 55
257 259
2 7
9 18
2 12
4 28
42 74
8 16
6 20
20 11
3 4
2 40
4 7
4 36
6 39
4 1
2 74
7 14
4 7
4 20
201 137
5 13
20 20
8 24
2 9
2 16
20 28
14 31
121 98
256 284
114 159
4 20
10 28
8 37
8 10
8 7
2 67
38 44
20 33
9 1
53 33
2 34
268 306
2 10
2 0
2 34
2 30
3 34
2 6
4 0
7 24
38 108
4 14
2 39
2 28
6 44
20 48
4 0
4 42
20 35
32 39
2 28
3 16
12 28
5 24
2 22
2 22
20 33
8 6
4 48
8 2
4 3
4 9
8 26
6 22
4 20
8 6
2 24
3 4
12 24
12 28
4 2
2 58
4 1
20 35
4 22
2 22
22 58
2 3
4 9
2 1
4 24
3 1
8 18
18 55
4 24
2 0
10 4
5 14
60 72
20 74
4 16
9 10
271 273
4 1
2 16
2 3
8 6
2 37
244 239
10 1
16 24
13 11
20 9
36 79
2 4
7 9
23 26
4 31
2 18
222 226
20 55
35 64
8 5
10 22
2 7
5 5
2 16
2 5
4 10
2 55
20 39
2 14
20 7
62 46
172 171
5 18
8 0
2 7
6 13
3 26
404 393
213 242
168 135
4 18
12 4
4 18
48 39
4 18
16 5
76 84
8 10
12 35
14 5
6 1
4 9
2 18
4 3
2 20
35 28
6 40
24 24
112 111
114 119
13 20
6 6
12 4
4 47
2 18
2 5
6 32
2 26
8 2
4 4
9 14
37 7
24 37
4 3
3 24
20 9
16 6
110 108
456 476
28 55
2 22
4 14
4 31
20 14
2 64
378 411
3 14
4 37
2 5
2 18
155 213
6 4
2 18
20 60
16 1
6 7
2 24
8 28
134 143
224 219
364 393
5 34
12 55
230 223
2 22
2 20
104 88
20 2
8 24
3 28
6 1
2 28
4 22
20 32
8 26
2 18
6 20
3 10
148 121
32 93
4 6
237 210
6 22
4 4
2 24
134 145
2 35
8 32
10 28
121 119
56 79
3 37
2 18
4 33
90 121
22 11
2 20
6 64
16 12
18 8
6 18
12 10
5 20
5 10
4 20
18 35
97 168
9 16
6 43
2 5
60 58
2 14
189 188
8 13
2 7
10 58
62 31
7 5
8 20
143 140
20 31
2 20
3 24
176 151
12 31
2 3
3 18
166 194
8 31
59 74
20 34
2 51
4 5
5 13
8 9
2 14
12 28
16 60
192 174
2 9
2 4
99 86
20 8
4 2
4 4
20 58
2 22
5 24
2 26
37 98
2 6
4 18
10 1
20 16
150 183
20 42
3 13
40 55
2 51
20 51
4 33
20 18
8 14
20 31
8 11
69 91
6 4
4 11
20 33
20 3
2 13
20 44
54 58
203 280
10 42
4 14
108 132
2 6
4 1
40 18
4 2
26 20
2 55
159 140
4 43
8 14
36 48
5 20
170 183
4 8
20 20
20 26
2 58
222 245
16 32
20 13
2 37
190 213
4 28
6 8
16 24
20 0
8 13
12 9
10 5
4 13
386 333
20 5
2 4
142 151
139 145
236 245
4 39
32 2
20 16
8 0
2 14
3 20
8 0
4 16
2 5
4 33
117 124
4 5
2 6
32 37
10 7
5 9
16 74
13 42
32 72
2 45
20 2
6 5
2 12
2 1
7 3
3 11
6 18
2 9
4 18
3 20
16 24
10 58
228 223
12 6
4 4
48 13
3 2
92 93
162 174
4 7
4 60
8 16
100 111
20 42
6 46
47 31
22 2
4 36
20 35
5 9
4 44
6 9
365 354
258 245
28 13
6 48
162 148
2 0
74 111
22 12
10 11
3 13
20 18
2 11
28 55
10 20
6 46
198 157
106 116
2 12
20 18
461 455
6 42
191 266
2 22
81 93
12 39
4 6
2 11
3 33
6 1
2 3
70 53
124 132
8 26
236 263
2 43
78 88
4 5
6 2
5 28
122 116
20 28
2 18
60 108
19 1
8 13
14 7
2 22
434 388
4 37
2 5
3 14
2 22
20 67
10 2
16 22
40 35
5 13
4 51
182 101
8 9
2 24
8 42
4 22
2 28
2 0
3 5
2 24
19 9
2 36
14 13
20 55
8 8
8 10
2 22
2 5
4 8
148 111
10 6
2 48
2 4
6 0
3 20
136 129
5 24
2 7
152 165
9 22
6 4
12 16
8 24
4 5
208 213
16 3
11 8
6 24
20 72
6 84
4 44
18 18
5 12
4 30
104 121
20 9
4 12
2 8
20 38
12 28
138 111
2 20
70 28
14 9
190 148
2 10
2 1
16 51
8 13
2 14
5 5
2 35
68 74
2 8
150 148
3 7
6 6
178 210
335 345
16 18
16 16
4 16
9 43
2 16
12 64
2 1
2 39
20 48
5 16
372 481
92 124
147 91
11 24
412 393
4 16
12 31
2 3
4 2
8 4
6 39
2 26
278 270
20 44
373 362
13 7
8 44
3 22
12 13
74 67
6 1
2 4
7 2
66 74
48 51
20 58
22 16
6 2
4 16
232 239
5 60
20 6
8 11
114 129
2 9
102 101
4 28
7 4
4 10
2 28
2 1
30 58
368 371
2 26
3 20
2 7
3 11
4 20
4 6
2 2
16 26
378 337
5 10
5 18
34 3
443 526
8 24
2 33
4 13
2 42
6 7
3 7
20 5
20 6
2 33
139 145
6 24
2 16
8 28
10 16
204 226
2 13
22 12
12 33
6 16
312 310
4 11
4 0
2 38
34 16
4 1
56 39
22 13
20 9
124 174
20 28
20 46
6 26
6 26
394 366
20 18
7 28
252 287
282 302
2 5
3 0
16 16
48 64
9 1
72 79
4 8
218 198
20 26
16 28
282 325
12 8
3 44
52 74
156 145
2 9
2 11
2 71
3 42
20 31
17 7
9 22
28 48
27 11
98 64
7 13
7 31
4 35
142 162
18 37
2 18
14 33
4 48
4 5
2 26
10 11
58 42
20 4
2 26
62 55
122 151
4 10
138 154
4 51
72 108
5 1
2 8
2 12
313 302
216 154
20 36
8 37
2 13
2 31
2 16
202 198
4 13
40 53
2 5
18 18
2 8
2 43
430 455
4 14
44 5
206 198
2 16
20 20
2 3
2 16
4 5
34 18
20 10
4 0
4 7
4 35
17 11
222 252
2 3
16 0
2 13
10 30
5 12
262 306
10 13
2 31
4 46
20 8
2 18
200 188
37 18
2 22
2 22
12 28
308 302
2 14
4 31
6 20
8 8
16 9
41 37
2 30
2 42
88 132
25 1
4 3
2 53
2 31
2 13
14 9
2 6
2 30
4 12
6 24
2 6
4 6
116 86
14 20
2 46
2 12
8 0
2 3
2 5
4 1
4 0
238 180
10 9
12 0
3 14
424 411
4 22
20 22
4 11
180 201
338 325
122 154
80 111
20 51
4 20
2 11
8 22
270 266
2 3
2 8
100 108
16 26
132 180
12 4
2 5
2 24
10 20
8 53
6 12
2 0
2 16
6 20
6 53
453 520
128 121
2 30
7 18
106 69
156 157
5 32
24 7
6 4
5 51
2 20
2 9
468 538
8 16
8 14
36 39
6 0
2 35
408 435
31 60
152 201
2 20
4 8
4 5
68 28
6 37
8 10
2 18
13 49
4 13
20 26
29 2
2 18
4 13
5 10
7 44
20 7
442 476
180 188
4 22
4 22
20 16
6 16
7 44
188 226
2 10
72 58
2 1
20 5
2 6
10 26
289 350
6 20
6 18
8 7
4 6
5 28
34 60
2 24
8 2
28 48
40 51
2 24
76 64
8 55
2 8
4 9
8 22
6 13
2 14
2 18
2 11
20 24
8 62
14 46
2 16
2 0
2 16
4 4
14 12
2 35
2 13
14 10
162 157
6 46
2 1
8 35
2 5
8 51
41 74
52 98
8 18
4 13
2 14
3 26
2 9
2 28
94 98
22 24
20 24
332 333
4 16
30 20
3 26
4 14
4 1
18 16
12 16
2 3
10 20
72 96
8 22
2 26
8 1
8 1
2 22
4 45
4 51
404 425
2 13
104 88
118 148
3 28
5 16
10 22
96 101
4 5
4 12
2 11
12 0
2 54
10 26
28 31
2 11
13 9
20 39
239 242
2 26
4 28
2 13
8 7
2 48
90 64
20 18
2 22
12 74
17 5
324 325
4 18
20 35
4 14
210 180
20 16
2 4
8 35
20 11
184 129
20 14
6 6
4 45
20 28
9 26
2 11
20 33
4 3
2 13
2 8
2 9
209 229
4 11
2 31
20 4
30 5
20 9
2 18
20 26
2 1
2 0
2 10
20 37
4 20
14 3
2 22
3 11
14 13
43 53
12 28
82 69
2 1
31 6
6 0
358 337
44 84
2 16
76 62
214 252
2 7
60 69
2 4
142 145
2 18
4 18
147 165
10 20
2 24
62 51
2 37
28 55
20 20
3 6
4 0
3 6
2 8
2 51
66 46
6 4
3 24
82 84
24 1
2 43
62 4
2 22
4 4
17 39
12 3
10 26
4 6
12 37
120 124
6 13
6 4
37 86
2 33
2 1
2 58
20 51
4 5
2 28
167 171
334 358
2 8
426 416
2 24
8 16
3 11
3 9
2 0
15 11
246 213
4 1
2 22
2 4
10 35
164 140
10 9
20 5
4 31
14 26
151 159
4 3
443 375
202 198
16 7
15 6
6 16
20 42
53 74
19 18
2 30
4 0
220 216
6 31
20 33
3 1
2 18
9 4
48 44
24 11
216 201
92 101
2 33
4 16
2 16
2 2
2 16
3 53
8 16
2 22
246 236
2 3
4 20
4 18
2 37
24 33
2 14
226 239
4 1
2 53
70 98
2 30
2 0
10 18
2 20
50 1
4 62
20 39
20 31
10 35
2 37
4 31
4 5
28 20
4 22
4 10
184 162
256 256
2 7
2 39
2 16
18 26
10 31
4 7
112 79
20 22
3 11
4 9
3 28
20 28
8 2
2 24
8 31
10 69
2 9
8 18
8 9
2 20
39 33
6 32
2 16
5 22
20 7
20 31
5 35
6 46
2 4
260 249
15 12
14 18
90 111
100 129
16 35
8 3
186 249
8 24
8 22
4 14
20 31
4 9
9 16
32 16
149 121
2 24
10 26
2 8
195 198
9 22
2 6
4 26
110 86
2 38
20 60
2 34
2 1
2 12
3 8
20 16
3 9
2 7
4 35
2 3
4 22
2 20
2 26
8 58
26 26
168 180
2 13
34 26
6 43
4 2
12 51
134 114
8 8
76 72
474 481
16 79
2 3
125 137
58 91
12 37
3 13
2 22
15 20
288 245
106 72
4 14
2 13
8 26
126 124
2 4
4 4
356 358
44 31
16 22
52 69
128 159
440 460
10 13
4 37
8 16
66 51
20 30
8 2
12 37
52 28
4 39
4 6
6 0
6 22
196 245
162 121
2 11
24 6
14 46
2 14
172 157
2 0
20 64
50 58
4 18
6 1
2 22
78 48
147 157
16 28
20 58
6 28
10 4
2 16
9 9
176 157
8 1
24 22
20 35
20 55
28 26
128 127
108 103
10 4
20 24
20 20
2 2
4 22
60 55
72 111
2 24
277 310
3 3
12 18
70 39
2 9
9 8
2 31
2 7
328 291
2 13
2 4
204 177
8 4
2 0
3 39
2 3
25 46
51 3
160 219
12 13
2 1
378 465
4 11
2 8
102 84
3 24
36 53
403 420
44 69
56 58
110 129
290 287
4 3
20 26
4 20
2 41
2 33
6 18
8 5
4 0
101 93
438 430
234 232
8 0
12 13
2 20
6 28
9 33
4 9
102 188
8 16
20 24
3 22
2 65
70 86
282 252
2 84
107 46
4 10
23 28
8 46
2 20
2 16
314 345
201 185
2 11
41 31
134 119
4 49
2 10
12 20
2 0
4 38
4 2
2 24
2 30
3 6
8 22
4 0
2 28
18 26
12 12
4 11
3 9
4 14
6 26
8 26
4 20
20 33
4 6
5 9
54 55
453 538
4 8
16 42
2 20
10 20
6 28
2 2
4 16
12 20
20 22
4 9
4 37
8 20
4 32
20 26
2 53
5 28
2 8
2 26
3 12
2 76
44 88
10 46
106 116
216 219
70 96
4 18
4 48
122 140
6 7
5 3
8 3
18 11
10 13
4 39
4 39
4 3
20 5
6 10
12 11
20 2
4 9
2 1
39 7
2 42
30 51
6 5
54 111
76 58
2 18
4 3
20 12
20 11
2 2
62 51
2 13
5 8
46 55
2 4
440 476
136 108
4 36
166 124
10 4
2 37
248 229
4 16
2 10
6 37
4 31
8 1
4 40
394 393
5 24
2 0
2 14
2 0
4 31
8 44
112 151
14 42
32 20
3 16
3 4
219 183
2 4
2 8
3 45
5 38
20 13
144 137
20 0
150 129
2 0
25 9
8 18
8 26
492 538
20 9
8 22
2 1
2 28
35 46
4 26
16 31
146 171
4 28
16 1
2 28
2 37
6 8
28 33
4 0
3 1
14 28
3 13
20 3
2 20
373 384
4 5
2 1
2 14
4 0
12 16
2 20
4 49
9 2
4 3
2 8
4 46
2 33
12 33
6 7
2 48
4 4
29 33
8 35
2 24
5 22
20 79
20 39
4 11
462 460
2 1
8 0
10 39
4 0
20 18
8 13
324 333
12 26
8 28
3 37
410 498
2 16
12 33
24 13
4 40
20 42
6 22
4 2
8 7
8 26
184 183
4 1
48 76
126 210
2 30
458 416
24 48
2 0
2 13
8 18
2 0
20 26
4 14
2 18
6 13
10 1
362 325
254 252
32 35
2 18
3 20
8 11
3 2
249 245
2 40
188 124
66 91
2 18
2 0
2 4
4 22
12 0
12 11
176 191
2 44
36 26
88 81
3 24
196 201
176 219
4 24
6 12
41 39
14 13
8 12
6 37
10 33
2 47
8 2
9 49
444 430
6 4
16 33
4 28
4 8
2 6
47 44
102 151
6 33
2 2
2 16
36 11
2 18
8 37
2 6
3 22
20 33
2 28
2 5
116 129
20 0
20 7
2 8
15 30
2 7
4 20
2 22
2 2
368 318
468 526
2 18
206 194
146 162
3 10
4 69
6 41
2 11
46 76
2 6
2 6
37 26
190 168
4 2
15 35
230 188
4 22
52 39
4 6
226 213
60 28
340 280
2 26
2 0
2 16
2 30
4 0
2 20
4 41
2 46
2 18
26 9
200 188
16 20
150 129
4 14
20 48
3 2
50 74
4 4
214 229
2 22
5 16
9 1
12 3
226 236
20 35
4 7
2 24
4 12
95 46
2 18
2 18
4 7
383 411
2 7
2 7
20 28
2 20
32 22
24 16
6 18
20 30
236 232
2 5
20 33
4 22
2 3
56 37
2 3
6 22
4 14
456 440
2 16
2 22
4 26
9 11
12 37
10 1
4 16
2 18
2 44
4 4
12 28
14 6
144 143
82 129
4 7
30 35
2 6
8 24
2 45
2 16
2 24
56 46
2 12
12 7
4 22
42 35
31 51
20 31
4 0
2 44
6 7
6 1
10 42
492 569
2 11
8 24
9 0
4 11
44 11
2 26
8 20
61 76
2 16
11 31
9 0
2 13
72 39
4 37
2 46
21 44
10 22
237 207
244 213
104 64
8 6
2 11
2 31
2 1
2 31
2 13
6 14
8 33
2 24
36 44
364 430
2 0
2 14
20 18
20 20
4 28
2 24
2 49
34 58
16 16
2 8
2 44
6 26
150 162
21 31
4 7
3 37
10 3
4 16
8 10
320 302
13 0
6 8
4 7
64 44
2 18
2 30
114 81
24 35
18 31
2 9
9 26
20 33
3 33
2 18
6 16
6 5
4 34
12 5
2 3
2 8
2 13
2 37
122 121
432 460
8 5
16 51
10 4
2 22
48 46
2 9
204 183
4 14
4 20
8 13
14 18
14 7
200 210
2 1
2 5
194 194
16 6
24 33
4 5
6 42
16 20
4 0
2 18
7 16
20 55
2 16
5 22
2 24
5 16
330 321
264 273
48 67
16 8
80 88
36 39
8 20
498 435
2 3
258 266
38 39
4 20
346 325
12 6
2 10
14 8
42 67
8 13
10 62
4 11
3 13
20 51
104 148
2 26
304 337
2 10
60 26
160 154
2 55
2 24
4 53
20 31
60 51
2 30
4 51
380 371
72 64
13 22
64 69
220 194
484 526
2 2
8 28
2 37
102 124
30 22
2 9
346 388
2 31
4 33
466 520
70 72
4 1
140 124
2 1
26 26
2 5
88 103
2 7
20 2
20 28
11 4
104 79
6 3
2 2
11 8
2 28
4 0
4 6
2 31
5 7
257 252
6 4
2 1
220 219
204 185
3 20
128 137
2 28
29 0
2 20
2 4
3 3
20 7
180 157
20 18
20 35
4 5
204 183
2 24
20 44
4 10
6 22
32 8
8 22
2 28
150 154
228 204
436 445
166 148
2 55
2 5
2 0
10 44
4 28
19 26
8 28
4 37
2 20
2 10
204 229
46 39
111 151
9 13
34 44
188 148
2 28
2 16
4 13
14 11
20 20
20 39
2 37
20 48
4 11
3 16
3 16
4 51
49 93
2 1
2 5
3 5
26 42
2 6
8 26
2 39
10 28
62 67
35 33
6 26
16 13
2 13
2 9
2 16
8 58
179 201
9 14
2 28
3 20
408 416
23 16
2 33
3 11
2 16
34 13
20 5
20 42
2 18
5 26
2 26
2 30
160 129
24 55
20 7
2 16
2 34
2 7
2 10
4 3
20 11
6 3
12 16
6 4
20 32
4 5
20 22
8 18
112 108
2 35
4 4
3 55
9 7
6 9
13 13
20 9
257 226
20 3
2 3
2 12
20 31
20 37
4 32
4 40
6 18
2 35
28 7
22 24
4 22
4 28
76 111
6 22
34 39
33 37
2 8
6 3
116 119
2 20
2 6
2 28
2 12
20 4
140 183
6 39
2 3
66 33
18 28
6 1
20 16
6 11
10 2
2 13
72 121
2 18
2 33
4 24
11 22
8 14
4 1
2 9
148 121
20 55
20 7
48 53
2 4
112 84
2 24
2 1
132 151
118 86
7 28
10 44
8 8
6 24
16 35
6 24
20 5
80 81
22 6
394 371
4 9
2 2
162 145
45 55
26 20
2 31
4 16
5 16
262 219
15 9
4 16
10 0
110 64
2 40
26 13
4 4
4 42
85 116
4 41
224 256
2 1
10 5
2 24
124 121
98 121
70 13
4 22
2 76
20 7
2 14
2 4
20 5
188 191
10 5
26 74
20 20
20 35
216 210
436 416
2 46
16 8
3 18
20 7
24 31
20 42
6 22
8 58
2 6
4 16
2 10
6 26
106 129
20 20
3 16
6 72
2 10
6 2
14 10
14 24
4 26
2 4
6 2
2 45
110 79
2 64
6 11
337 341
20 20
2 20
398 406
20 10
126 106
2 12
12 13
4 3
20 11
8 37
3 22
32 48
4 7
2 28
190 127
482 476
20 6
2 8
334 345
2 45
4 1
2 16
2 12
20 44
20 16
4 11
2 11
4 5
20 1
2 0
2 1
146 180
2 20
166 177
18 48
4 48
12 24
348 341
4 18
2 22
20 62
8 64
20 26
284 259
2 20
106 79
2 28
4 13
2 8
90 119
17 13
100 101
38 44
6 0
86 93
3 20
3 4
14 33
400 354
376 416
112 148
24 55
9 14
187 137
2 7
3 18
2 24
20 11
93 98
2 20
2 18
106 154
2 10
130 157
12 8
8 20
20 16
4 5
4 51
14 8
22 28
4 3
4 6
8 6
144 145
12 16
3 11
6 1
4 20
68 51
60 44
8 34
4 35
6 18
2 22
2 26
64 39
2 20
10 16
24 22
4 16
362 354
3 24
20 51
2 26
100 111
422 430
4 44
4 14
103 127
9 16
8 42
68 37
30 10
2 37
8 13
6 58
2 13
2 20
2 51
4 55
6 10
5 37
8 58
314 295
2 26
20 0
4 7
2 31
6 4
2 28
2 13
2 26
44 9
12 39
272 232
62 79
16 24
16 13
4 7
2 13
100 119
4 9
20 31
2 18
166 194
20 26
8 7
448 402
2 11
2 24
2 3
3 8
3 5
2 6
4 3
2 13
2 6
2 22
2 24
2 10
2 37
2 8
2 10
8 32
3 30
6 39
16 31
40 33
166 180
20 1
8 44
2 7
2 22
186 219
12 26
4 11
2 24
2 16
124 114
4 7
10 34
42 116
6 28
26 9
22 28
6 0
154 154
44 5
2 18
2 36
232 226
4 6
76 39
74 81
4 26
24 46
4 28
2 6
19 24
4 18
8 18
8 31
218 216
28 44
18 37
24 18
20 9
4 11
2 28
48 35
194 191
2 14
7 8
20 33
4 22
10 3
163 171
6 7
4 18
20 53
60 60
20 48
2 11
2 2
96 74
20 39
2 7
5 31
2 60
431 416
22 20
20 14
2 16
2 11
2 16
236 236
20 28
2 5
277 299
20 53
10 37
6 22
22 37
4 11
4 16
6 33
36 44
2 46
2 5
4 16
20 24
20 22
184 207
12 13
150 174
2 5
2 42
11 22
118 101
6 34
2 24
2 2
2 16
4 32
6 5
2 18
20 24
3 35
174 188
2 4
10 26
20 3
4 24
4 26
4 1
56 69
3 18
12 9
2 7
14 39
2 10
4 1
52 51
420 445
3 14
2 9
2 22
2 13
3 33
2 2
2 62
6 35
20 53
2 20
20 20
44 67
2 26
6 7
32 4
337 310
58 18
4 24
20 22
6 18
2 6
10 20
242 198
3 58
8 12
2 14
2 16
4 5
2 11
20 26
5 32
2 28
196 236
4 34
4 31
8 0
336 337
4 28
4 8
98 91
8 31
2 14
2 18
4 2
2 7
4 13
2 12
20 44
2 1
2 3
2 38
2 3
10 11
2 34
2 22
6 26
2 3
20 22
102 108
6 16
2 8
116 46
112 81
8 16
8 28
2 22
2 7
10 20
55 60
188 135
2 12
3 38
2 5
10 53
8 0
3 6
2 16
2 41
2 16
2 7
10 24
4 1
8 6
6 33
20 13
2 5
20 53
192 168
2 7
2 31
239 236
3 24
4 5
2 11
8 16
2 22
2 8
10 38
20 3
2 24
8 13
6 11
8 5
6 22
48 44
6 7
2 26
20 11
66 72
8 5
3 55
44 69
2 18
54 35
110 145
2 5
2 16
2 16
14 5
4 8
160 127
6 24
122 143
20 31
2 6
2 4
21 24
2 0
252 256
178 191
410 354
2 6
2 11
54 53
2 69
20 28
4 11
33 37
8 2
2 1
417 416
20 39
160 185
2 20
20 16
9 51
6 13
124 143
2 5
16 55
2 24
28 22
8 33
378 358
94 114
4 37
2 11
4 26
4 13
28 33
54 53
20 0
2 8
2 32
234 256
4 20
38 74
50 33
166 159
42 16
2 7
12 28
2 22
138 96
2 16
4 51
102 101
2 30
486 526
136 114
28 3
2 4
17 1
20 31
2 1
2 26
60 69
20 1
4 3
2 14
74 76
2 13
20 67
2 0
4 39
4 45
2 24
2 8
8 0
12 7
2 1
2 18
156 165
52 58
2 26
2 67
371 321
20 28
22 58
17 0
6 10
4 46
192 210
3 20
9 14
4 13
312 337
2 69
10 8
2 24
2 10
2 14
130 154
2 18
2 6
6 13
144 148
20 5
4 8
3 0
20 13
4 2
20 31
2 31
64 72
4 7
2 31
14 35
452 406
20 9
4 22
2 41
2 33
40 42
15 0
232 213
4 31
20 18
2 18
2 37
129 114
468 455
2 20
2 9
20 3
4 13
110 140
4 0
4 30
442 465
354 384
9 35
74 84
10 9
2 12
4 31
2 67
20 22
12 58
2 30
14 20
20 26
312 350
2 28
12 26
10 10
8 10
188 157
10 3
6 16
20 20
4 7
20 9
28 10
10 0
4 9
2 7
12 44
2 3
4 84
412 420
2 0
5 47
2 20
8 11
8 13
4 10
38 98
20 53
20 9
2 3
2 36
4 28
2 2
2 31
100 91
2 32
120 121
260 245
20 37
2 88
20 9
326 358
20 62
2 26
10 67
2 16
8 16
6 6
12 35
20 2
2 13
6 26
16 28
2 8
20 18
206 194
16 18
4 26
170 162
6 9
2 18
4 6
6 3
2 43
40 60
2 10
4 4
10 46
132 106
2 22
2 2
36 33
290 310
32 18
10 34
4 7
12 1
40 64
100 135
480 430
134 143
2 9
2 18
2 28
2 18
3 5
4 30
164 132
20 3
4 26
20 46
16 18
320 341
6 12
2 34
40 31
2 7
2 3
2 18
2 24
7 28
4 0
20 1
8 20
4 7
12 67
485 476
272 266
14 0
92 106
20 5
260 266
4 0
2 33
8 12
112 124
46 58
2 3
2 18
2 14
2 0
2 2
2 9
3 22
8 18
2 22
28 9
3 31
2 2
148 114
2 2
2 37
2 8
6 11
4 16
6 38
416 460
8 36
220 194
8 13
332 329
2 38
6 7
2 10
2 7
4 11
2 35
20 48
4 24
28 33
8 14
20 12
161 201
2 34
414 384
9 5
8 4
110 129
4 1
2 26
2 51
6 18
2 36
2 8
4 24
9 28
270 226
3 16
364 337
4 6
8 9
60 46
2 3
2 11
2 18
2 28
4 3
2 40
10 12
2 30
10 6
8 8
22 13
2 34
20 32
29 42
2 24
2 22
2 26
20 33
20 64
178 159
8 44
3 6
22 0
216 143
28 58
4 22
16 18
6 24
2 22
2 0
9 4
2 7
50 60
2 18
2 0
2 18
2 8
34 13
4 16
20 16
2 20
2 18
4 36
2 4
144 171
116 114
2 13
2 16
6 30
22 22
8 44
2 3
2 13
66 51
436 509
160 162
2 7
4 1
16 20
2 3
6 20
3 39
2 4
2 0
4 9
2 4
32 9
20 37
20 37
20 20
2 16
148 154
8 18
4 20
20 4
4 5
2 18
2 12
146 154
4 0
2 28
14 8
6 12
3 43
2 24
4 18
6 24
4 1
10 38
2 37
6 20
16 9
24 11
64 20
2 10
8 3
2 18
2 16
6 16
88 96
6 28
6 9
2 22
84 60
2 2
4 20
4 4
2 33
146 159
6 7
4 38
2 20
268 306
2 7
2 26
12 18
8 40
4 33
18 32
120 154
20 11
2 3
148 204
2 10
4 20
12 33
72 46
20 26
4 12
2 32
8 10
2 8
10 20
8 16
4 18
258 263
2 0
12 1
2 7
208 229
20 9
2 20
58 96
2 18
170 151
2 2
2 0
2 4
2 20
2 22
20 16
2 0
2 2
2 0
2 6
2 3
20 35
56 44
4 47
12 9
2 18
88 91
12 18
8 10
20 46
20 42
28 86
8 30
92 67
6 14
20 22
2 37
222 213
4 6
2 13
4 8
6 24
494 416
6 22
368 362
2 11
4 3
4 5
14 35
148 132
206 219
20 55
2 40
4 8
90 51
2 38
4 30
2 3
2 3
20 0
8 18
116 91
4 11
4 24
2 26
2 14
24 3
4 24
2 20
132 74
20 8
4 13
4 6
160 183
58 76
220 226
4 11
120 101
2 16
2 18
48 53
8 35
20 20
4 9
2 9
2 20
3 37
128 159
16 5
20 9
2 10
20 11
136 124
2 28
3 31
4 24
4 22
2 18
2 36
3 39
2 2
436 465
2 13
12 39
4 5
2 49
48 13
2 6
136 135
2 5
20 8
116 151
4 55
386 345
394 379
2 26
8 3
66 72
4 2
234 299
2 1
2 20
20 20
2 28
3 18
122 121
2 16
2 7
20 7
6 7
146 157
20 44
2 6
8 42
315 321
6 20
134 171
20 3
16 18
2 47
2 0
4 28
2 16
4 4
20 48
20 28
12 22
38 62
2 7
46 35
12 20
2 35
25 72
20 20
12 10
38 24
92 103
8 51
324 354
2 11
4 11
4 2
2 26
42 5
242 210
2 24
102 137
16 7
12 10
2 1
2 40
384 393
64 55
2 39
2 5
10 16
6 7
2 11
5 11
2 34
4 2
4 20
8 51
4 55
9 22
220 245
12 26
6 1
2 11
4 24
32 4
2 1
8 46
3 33
2 0
12 32
12 5
4 3
8 9
104 101
40 74
2 26
20 28
74 60
2 2
2 16
320 299
18 42
148 171
4 11
282 263
24 67
2 48
460 435
8 22
34 55
66 114
8 36
2 6
36 53
2 33
8 4
10 20
2 4
2 48
20 12
10 22
10 1
2 2
16 44
4 0
20 0
12 7
2 11
110 74
34 26
6 8
214 245
20 28
2 9
4 42
2 36
2 33
2 12
4 13
458 503
4 16
4 18
2 16
6 1
2 7
2 20
8 41
2 37
81 86
2 31
2 3
20 13
4 6
272 232
24 37
2 9
2 14
20 48
4 12
3 26
2 5
2 16
4 28
44 76
152 121
8 26
4 22
250 239
2 33
46 79
6 5
24 39
2 40
32 44
30 28
306 284
20 16
2 13
2 11
20 22
4 1
2 0
2 1
2 38
4 18
96 111
4 13
42 58
6 55
14 9
2 14
6 13
12 2
2 18
4 26
2 24
18 5
14 51
26 7
128 132
2 30
2 22
172 137
96 67
26 46
116 148
2 26
14 13
2 20
8 12
132 168
4 3
20 5
128 124
2 26
8 4
2 10
2 20
4 41
32 55
2 6
20 0
2 0
62 69
3 9
3 11
10 37
2 20
20 33
2 24
6 35
4 22
2 4
104 86
26 33
4 41
4 16
36 48
2 4
2 16
9 34
2 7
6 3
4 67
2 20
20 10
2 37
4 2
2 24
8 41
4 8
24 74
10 7
10 36
50 84
4 35
2 26
2 24
110 96
2 0
28 55
106 101
2 0
362 420
414 515
2 22
2 42
2 42
2 31
62 69
20 31
20 39
130 132
4 0
2 8
2 42
2 18
10 13
10 7
4 12
2 20
152 177
2 55
2 22
2 13
44 53
2 9
6 28
2 5
252 266
2 8
2 12
18 26
242 273
2 31
2 8
2 16
4 5
20 2
2 8
3 36
2 18
20 58
20 7
20 13
32 60
4 0
2 6
4 37
6 62
128 132
6 12
2 26
13 42
2 28
8 69
2 20
2 2
4 4
2 26
156 157
2 36
20 33
4 26
20 39
2 7
20 9
2 5
20 48
20 8
16 20
4 32
144 140
298 252
260 306
24 44
2 13
2 28
8 0
8 22
8 3
20 14
32 72
326 280
20 4
114 88
4 5
20 20
2 9
386 388
8 0
6 5
52 48
8 35
2 12
10 16
4 26
6 37
3 38
4 41
14 42
2 9
2 28
4 24
20 28
20 39
4 4
2 4
20 53
106 101
8 20
2 24
2 51
2 33
20 3
4 2
40 46
4 41
20 20
2 48
2 6
4 24
2 10
2 44
2 30
2 28
160 204
136 135
16 18
2 7
2 18
4 4
2 5
2 12
172 148
2 28
2 22
20 13
320 325
4 34
72 81
2 18
2 9
4 24
4 8
10 8
4 20
14 9
14 62
4 12
128 157
20 28
20 14
48 35
6 22
2 22
4 16
112 101
2 16
152 180
10 35
134 129
2 6
4 4
4 28
6 22
366 358
134 121
2 8
10 5
10 13
2 45
56 22
2 3
2 11
6 18
112 72
78 114
116 116
2 26
110 76
28 18
20 13
132 154
2 12
20 24
2 7
8 3
10 18
2 16
36 16
2 1
78 101
2 28
2 0
2 18
4 26
4 22
21 16
2 7
2 20
4 26
474 420
86 64
8 37
142 185
4 35
84 62
22 24
2 47
12 18
20 6
18 26
4 46
2 2
4 5
2 28
2 7
2 8
2 16
66 79
4 46
2 0
20 44
8 22
12 26
4 51
2 16
4 3
56 39
2 2
20 39
4 24
168 185
20 12
2 18
6 48
2 22
20 20
2 20
10 4
20 14
14 48
2 8
2 6
4 18
194 191
20 4
388 366
2 8
4 22
2 8
44 42
20 5
20 26
2 22
6 53
2 4
2 16
2 28
86 58
218 252
8 11
10 48
140 74
2 24
2 22
8 31
2 16
4 20
106 98
2 16
4 24
118 108
20 31
18 6
480 460
192 137
22 74
2 1
162 129
112 116
52 13
278 266
2 0
32 51
2 16
20 42
58 64
4 2
2 0
2 24
332 270
140 124
2 16
2 24
2 26
20 24
107 119
20 16
2 55
2 18
16 44
30 42
2 42
6 20
2 31
14 24
304 325
2 20
362 354
2 12
6 2
440 476
10 44
10 14
10 24
6 14
152 157
238 201
2 3
4 9
2 26
2 10
2 24
18 18
70 74
2 13
6 24
312 280
424 435
42 62
3 5
4 6
2 1
6 22
8 6
10 64
2 12
126 145
4 28
296 306
42 58
259 314
62 88
2 13
2 5
2 18
162 185
12 18
144 171
20 20
24 13
244 249
42 18
2 5
24 13
62 72
15 24
4 36
2 30
16 26
2 31
24 16
8 18
6 22
21 26
24 53
14 8
220 263
20 88
20 0
2 16
8 44
12 39
36 28
2 30
2 14
4 1
2 32
36 79
2 22
198 232
6 16
2 49
20 1
50 91
2 20
4 6
3 6
4 20
400 393
276 239
20 26
10 3
3 1
2 7
20 28
2 8
184 180
2 8
24 37
2 39
284 318
58 9
2 5
2 4
170 194
20 11
20 46
108 143
20 14
20 28
10 42
114 180
2 4
2 18
2 7
348 333
2 2
2 2
126 143
4 55
8 2
50 81
4 20
2 8
4 20
128 174
2 4
2 11
2 18
2 16
2 9
22 4
6 46
2 0
10 8
2 1
2 37
8 3
48 35
72 98
2 2
2 37
20 22
2 24
20 35
4 5
2 18
12 22
6 40
2 34
26 48
20 48
8 6
4 46
2 28
8 11
4 37
24 28
94 79
14 1
2 12
12 10
2 13
20 31
2 16
2 31
2 16
352 397
4 8
2 20
20 24
4 28
2 4
142 198
2 18
2 58
2 40
8 13
4 14
4 10
14 48
4 22
6 31
160 159
2 31
2 13
20 3
2 1
264 284
4 18
182 204
20 16
2 1
2 26
2 26
10 13
324 310
20 20
232 252
220 204
30 42
272 229
8 12
20 30
2 6
3 35
2 5
10 16
2 16
6 48
8 16
36 42
118 162
2 28
2 3
2 54
12 4
2 14
132 132
2 11
162 148
172 180
56 91
3 36
4 7
2 2
20 37
20 11
2 26
4 26
2 14
276 232
2 28
4 10
6 0
22 35
2 31
4 10
148 148
2 44
8 20
2 44
48 35
26 26
20 11
2 26
4 24
398 397
42 74
2 16
116 119
4 24
8 51
58 16
2 12
4 5
2 18
8 13
52 64
2 33
150 157
150 183
20 20
8 5
48 69
20 11
4 48
6 8
122 127
48 58
2 3
112 137
52 24
23 1
2 16
4 2
2 44
2 20
4 53
4 7
164 119
4 8
2 12
4 31
26 1
2 12
46 51
4 16
4 0
2 26
20 53
2 22
4 9
8 14
2 10
4 3
2 28
20 22
4 16
20 9
4 28
3 11
2 13
2 24
44 51
8 10
2 34
20 16
2 60
2 24
24 33
8 2
2 20
4 14
10 16
4 10
244 223
8 24
76 86
8 42
6 5
20 6
2 11
2 3
8 3
2 26
2 22
174 132
2 26
10 1
2 13
2 28
224 191
8 3
2 11
2 20
20 26
2 22
6 5
2 7
2 2
12 7
8 18
20 26
6 20
20 28
18 8
2 22
4 16
4 7
2 26
6 4
8 16
6 1
2 20
400 375
2 0
44 74
306 280
4 4
118 129
6 12
2 22
4 22
10 20
16 32
2 10
106 98
20 20
4 4
10 13
2 36
20 55
32 28
128 116
20 3
2 4
18 24
374 337
354 337
8 16
2 0
2 11
2 31
2 9
2 4
128 119
24 42
2 12
2 6
